# Coupled hybrid Ppm results generated on 05-Nov-2025 21:06:28
# Potentials: \Sigma_u^-(braaten) and \Pi_u(braaten)
# Quark masses used: 1.4702 4.8802 [GeV]
#
# Columns:
#   1  mass         (quark mass in GeV)
#   2  J            (total angular momentum)
#   3  n_H          (principal quantum number)
#   4  Energy_Hpm   (Hybrid coupled-state energy in GeV)
#   5  Int Y_Hp x Y_Hp       (Integral for expected value of (x); in GeV^-1)
#   6  Int Y_Hp x Y_Hm       (Integral for expected value of (x); in GeV^-1)
#   7  Int Y_Hm x Y_Hm       (Integral for expected value of (x); in GeV^-1)
#   8  Int Y_Hp Y_Hp         (Integral for normalization P+)
#   9  Int Y_Hp Y_Hm         (Integral for cross term P+ P-)
#  10  Int Y_Hm Y_Hm         (Integral for normalization P-)
# -------------------------------------------------------------------------
  1.4702    1    1       4.02849013   1.54486446e-01   5.97875104e-01   2.80687465e+00   3.75097396e-02   1.65374340e-01   9.62490260e-01
  1.4702    1    2       4.39395999   1.25200646e+00   1.77179982e+00   3.28036605e+00   2.33960071e-01   2.98768073e-01   7.66039929e-01
  1.4702    1    3       4.67822661   3.13276630e+00  -1.44365141e+00   1.23218206e+00   7.77698844e-01  -2.88255746e-01   2.22301156e-01
  1.4702    1    4       4.75489426   1.83116786e+00   2.33321082e+00   3.99155466e+00   2.53568515e-01   3.12894548e-01   7.46431485e-01
  1.4702    1    5       5.08703327   2.34797380e+00   2.61797004e+00   4.60301777e+00   4.00649682e-01   3.32149159e-01   5.99350318e-01
  1.4702    1    6       5.13442393   3.84538315e+00  -1.85767378e+00   1.94065061e+00   6.12917348e-01  -3.21132090e-01   3.87082652e-01
  1.4702    1    7       5.41281196   2.55535816e+00   3.49584048e+00   5.61206665e+00   3.35675189e-01   3.89704335e-01   6.64324811e-01
  1.4702    2    1       4.24948401   3.35415633e-01   1.03767994e+00   3.63511755e+00   6.88244931e-02   2.33776821e-01   9.31175507e-01
  1.4702    2    2       4.60070306   1.57430130e+00   2.04627805e+00   3.73499667e+00   2.46500660e-01   3.01480725e-01   7.53499340e-01
  1.4702    2    3       4.89247207   3.53790066e+00  -1.23505642e+00   1.66082762e+00   7.65498176e-01  -2.29296496e-01   2.34501824e-01
  1.4702    2    4       4.94779318   2.25264290e+00   2.14823763e+00   4.09483904e+00   2.72246800e-01   2.48501169e-01   7.27753200e-01
  1.4702    2    5       5.26237399   2.81413410e+00   2.91168630e+00   4.75367763e+00   4.12297912e-01   3.21632922e-01   5.87702088e-01
  1.4702    2    6       5.32221704   4.28773383e+00  -2.27624233e+00   2.35828168e+00   6.04947566e-01  -3.24953883e-01   3.95052434e-01
  1.4702    2    7       5.57705992   3.13169208e+00   3.65381712e+00   5.56294692e+00   3.84740999e-01   3.66974376e-01   6.15259001e-01
  1.4702    3    1       4.46143743   5.43247021e-01   1.45946469e+00   4.29015226e+00   9.72108418e-02   2.80588721e-01   9.02789158e-01
  1.4702    3    2       4.80035380   1.75773199e+00   2.31431085e+00   4.29361002e+00   2.40781631e-01   3.11645730e-01   7.59218369e-01
  1.4702    3    3       5.09873744   3.76785832e+00  -3.23448581e-01   2.41869337e+00   7.05530456e-01  -9.82077744e-02   2.94469544e-01
  1.4702    3    4       5.14221688   2.74952000e+00   1.23147474e+00   3.94285345e+00   3.33469357e-01   1.12946960e-01   6.66530643e-01
  1.4702    3    5       5.43669289   3.12164749e+00   2.92932405e+00   5.01245598e+00   4.16198098e-01   2.92384314e-01   5.83801902e-01
  1.4702    3    6       5.49474823   4.70170093e+00  -2.39927752e+00   2.70336786e+00   5.97892407e-01  -3.05705075e-01   4.02107593e-01
  1.4702    3    7       5.74147016   3.42336336e+00   3.71091567e+00   5.78938158e+00   3.93708876e-01   3.42805175e-01   6.06291124e-01
  1.4702    4    1       4.66490496   7.70458204e-01   1.86615612e+00   4.83779255e+00   1.23164409e-01   3.15685937e-01   8.76835591e-01
  1.4702    4    2       4.99191774   1.87026847e+00   2.58544185e+00   4.87105266e+00   2.30686657e-01   3.24696886e-01   7.69313343e-01
  1.4702    4    3       5.29202003   3.57512688e+00   1.10760729e+00   3.66365244e+00   5.60746226e-01   7.62487892e-02   4.39253774e-01
  1.4702    4    4       5.33576340   3.66043680e+00  -2.63617055e-01   3.33204814e+00   4.77381119e-01  -7.13524220e-02   5.22618881e-01
  1.4702    4    5       5.60743543   3.39416887e+00   2.84163436e+00   5.29157314e+00   4.21514192e-01   2.60859354e-01   5.78485808e-01
  1.4702    4    6       5.66271961   5.04255182e+00  -2.33647189e+00   3.00491724e+00   5.90850766e-01  -2.74377058e-01   4.09149234e-01
  1.4702    4    7       5.90419749   3.63854440e+00   3.68686298e+00   6.08920491e+00   3.95385296e-01   3.18031017e-01   6.04614704e-01
  1.4702    5    1       4.86086609   1.00747141e+00   2.25842334e+00   5.32335200e+00   1.46393239e-01   3.43152331e-01   8.53606761e-01
  1.4702    5    2       5.17720134   1.95331330e+00   2.86339237e+00   5.43227414e+00   2.21598176e-01   3.39211277e-01   7.78401824e-01
  1.4702    5    3       5.47418691   3.30748902e+00   2.17150915e+00   4.78503331e+00   4.36165016e-01   1.92924083e-01   5.63834984e-01
  1.4702    5    4       5.52268706   4.61748163e+00  -1.46372693e+00   2.86626223e+00   5.95120208e-01  -2.03260000e-01   4.04879792e-01
  1.4702    5    5       5.77415809   3.59263444e+00   2.85729737e+00   5.63943474e+00   4.16092758e-01   2.45766998e-01   5.83907242e-01
  1.4702    5    6       5.82952527   5.42492173e+00  -2.34464901e+00   3.21261010e+00   5.97692800e-01  -2.57230939e-01   4.02307200e-01
  1.4702    5    7       6.06367846   3.84422935e+00   3.58537641e+00   6.39446719e+00   3.98952808e-01   2.91578422e-01   6.01047192e-01
  1.4702    6    1       5.04972895   1.23937464e+00   2.62820493e+00   5.77693420e+00   1.65710724e-01   3.63985806e-01   8.34289276e-01
  1.4702    6    2       5.35737231   2.04298499e+00   3.15398874e+00   5.96071021e+00   2.16893161e-01   3.54626428e-01   7.83106839e-01
  1.4702    6    3       5.64929953   3.13682770e+00   2.86055575e+00   5.65532789e+00   3.58670418e-01   2.59871948e-01   6.41329582e-01
  1.4702    6    4       5.69962163   5.42428931e+00  -2.31258563e+00   2.66010087e+00   6.61299936e-01  -2.83487349e-01   3.38700064e-01
  1.4702    6    5       5.93795767   3.67466951e+00   3.07723460e+00   6.10051393e+00   3.94188033e-01   2.53719708e-01   6.05811967e-01
  1.4702    6    6       5.99335051   5.91213445e+00  -2.58934667e+00   3.29931901e+00   6.19708710e-01  -2.67462312e-01   3.80291290e-01
  1.4702    6    7       6.21982537   4.01615531e+00   3.53585554e+00   6.72181540e+00   3.98020340e-01   2.73374754e-01   6.01979660e-01
  1.4702    7    1       5.23192679   1.45269294e+00   2.96709536e+00   6.21549277e+00   1.80328830e-01   3.78748842e-01   8.19671170e-01
  1.4702    7    2       5.53260754   2.15313343e+00   3.45192731e+00   6.45471520e+00   2.16592563e-01   3.69295744e-01   7.83407437e-01
  1.4702    7    3       5.81931123   3.05566985e+00   3.36772538e+00   6.36358413e+00   3.12587320e-01   3.02846717e-01   6.87412680e-01
  1.4702    7    4       5.86736896   6.09840320e+00  -2.94528230e+00   2.60309194e+00   6.96949118e-01  -3.32604036e-01   3.03050882e-01
  1.4702    7    5       6.09950293   3.68049930e+00   3.42141530e+00   6.63445633e+00   3.64624934e-01   2.74574168e-01   6.35375066e-01
  1.4702    7    6       6.15235093   6.45629031e+00  -2.99787226e+00   3.31813381e+00   6.45905653e-01  -2.93381980e-01   3.54094347e-01
  1.4702    7    7       6.37374802   4.11256432e+00   3.65309239e+00   7.11417323e+00   3.86402971e-01   2.71643403e-01   6.13597029e-01
  4.8802    1    1      10.70439982   1.81291472e-01   5.62605487e-01   2.09292238e+00   5.88543541e-02   2.06125122e-01   9.41145646e-01
  4.8802    1    2      10.90490162   9.23536342e-01   1.26551997e+00   2.34165142e+00   2.31954542e-01   2.89104142e-01   7.68045458e-01
  4.8802    1    3      11.10317575   1.76968410e+00   7.16281839e-01   1.95155306e+00   5.95982759e-01   1.19900962e-01   4.04017241e-01
  4.8802    1    4      11.13145306   1.72289996e+00  -6.28787502e-02   1.74773260e+00   4.32553051e-01  -9.57309665e-02   5.67446949e-01
  4.8802    1    5      11.31824696   1.68167861e+00   2.14395209e+00   3.25926669e+00   3.49246199e-01   3.72904890e-01   6.50753801e-01
  4.8802    1    6      11.38850681   2.58459005e+00  -1.54493810e+00   1.30135879e+00   6.64087962e-01  -3.58728797e-01   3.35912038e-01
  4.8802    1    7      11.51828670   1.89020096e+00   2.55643330e+00   3.79956250e+00   3.18806221e-01   3.93963765e-01   6.81193779e-01
  4.8802    2    1      10.82293473   3.65198448e-01   9.21372043e-01   2.60127954e+00   1.02430805e-01   2.81244613e-01   8.97569195e-01
  4.8802    2    2      11.02331699   1.12069840e+00   1.45857532e+00   2.66218227e+00   2.38058690e-01   3.00838673e-01   7.61941310e-01
  4.8802    2    3      11.21963304   1.91429937e+00   1.45796368e+00   2.49283277e+00   4.80982489e-01   2.37942817e-01   5.19017511e-01
  4.8802    2    4      11.25797009   2.20738244e+00  -8.23355586e-01   1.55536012e+00   5.59841390e-01  -2.28542236e-01   4.40158610e-01
  4.8802    2    5      11.42453255   2.08168056e+00   2.31997628e+00   3.24747107e+00   3.80196589e-01   3.58395027e-01   6.19803411e-01
  4.8802    2    6      11.51486194   2.66205323e+00  -1.61816496e+00   1.60078608e+00   6.45894488e-01  -3.35326047e-01   3.54105512e-01
  4.8802    2    7      11.62009384   2.31614324e+00   2.69021772e+00   3.71229989e+00   3.52929959e-01   3.74884156e-01   6.47070041e-01
  4.8802    3    1      10.94138148   5.57778064e-01   1.24792199e+00   3.00467205e+00   1.38440073e-01   3.29670675e-01   8.61559927e-01
  4.8802    3    2      11.14152874   1.25439589e+00   1.67615168e+00   3.02968761e+00   2.35971422e-01   3.23779561e-01   7.64028578e-01
  4.8802    3    3      11.33473419   2.02172639e+00   1.85311104e+00   2.90271563e+00   4.10563071e-01   2.85831386e-01   5.89436929e-01
  4.8802    3    4      11.38168639   2.59963563e+00  -1.23790710e+00   1.52792912e+00   6.31527693e-01  -2.85991263e-01   3.68472307e-01
  4.8802    3    5      11.53186709   2.27475999e+00   2.46338539e+00   3.44588241e+00   3.69914963e-01   3.50953155e-01   6.30085037e-01
  4.8802    3    6      11.64178977   2.91778494e+00  -1.64362102e+00   1.73883599e+00   6.68048841e-01  -3.16286241e-01   3.31951159e-01
  4.8802    3    7      11.72336024   2.51021444e+00   2.72407192e+00   3.84983390e+00   3.47225999e-01   3.51787036e-01   6.52774001e-01
  4.8802    4    1      11.05742884   7.45030752e-01   1.53726670e+00   3.34271551e+00   1.66604408e-01   3.61015009e-01   8.33395592e-01
  4.8802    4    2      11.25667393   1.39729784e+00   1.91639171e+00   3.37149520e+00   2.40785663e-01   3.49127703e-01   7.59214337e-01
  4.8802    4    3      11.44740492   2.08261251e+00   2.16007348e+00   3.31339996e+00   3.59481057e-01   3.21243169e-01   6.40518943e-01
  4.8802    4    4      11.50466804   2.96711828e+00  -1.53146984e+00   1.49784267e+00   6.81480274e-01  -3.21965515e-01   3.18519726e-01
  4.8802    4    5      11.63831475   2.38097599e+00   2.61441161e+00   3.72404202e+00   3.49691326e-01   3.52945444e-01   6.50308674e-01
  4.8802    4    6      11.76642266   3.25974642e+00  -1.64463370e+00   1.85048690e+00   6.92832638e-01  -3.02517089e-01   3.07167362e-01
  4.8802    4    7      11.82626778   2.62324004e+00   2.68255497e+00   4.04887918e+00   3.34013336e-01   3.27641826e-01   6.65986664e-01
  4.8802    5    1      11.17113252   9.26856472e-01   1.79825061e+00   3.63565619e+00   1.89302277e-01   3.82510422e-01   8.10697723e-01
  4.8802    5    2      11.36824688   1.54741671e+00   2.15508733e+00   3.68056237e+00   2.49068410e-01   3.70560776e-01   7.50931590e-01
  4.8802    5    3      11.55683914   2.14346540e+00   2.41844124e+00   3.69605048e+00   3.28969246e-01   3.48323096e-01   6.71030754e-01
  4.8802    5    4      11.62837776   3.30188919e+00  -1.74124299e+00   1.48396513e+00   7.13091198e-01  -3.43205345e-01   2.86908802e-01
  4.8802    5    5      11.74324129   2.45466673e+00   2.77685998e+00   4.02903555e+00   3.30826281e-01   3.60884772e-01   6.69173719e-01
  4.8802    5    6      11.88570400   3.60793442e+00  -1.55300084e+00   2.03281056e+00   7.00937123e-01  -2.80572571e-01   2.99062877e-01
  4.8802    5    7      11.92834183   2.73282131e+00   2.49870513e+00   4.21928704e+00   3.29589974e-01   2.91515371e-01   6.70410026e-01
  4.8802    6    1      11.28277496   1.10825099e+00   2.04182333e+00   3.89418214e+00   2.08980689e-01   3.98721573e-01   7.91019311e-01
  4.8802    6    2      11.47667111   1.69016586e+00   2.37887037e+00   3.96690511e+00   2.56763958e-01   3.86814151e-01   7.43236042e-01
  4.8802    6    3      11.66299377   2.22333987e+00   2.64679484e+00   4.03390793e+00   3.13948347e-01   3.68560430e-01   6.86051653e-01
  4.8802    6    4      11.75286884   3.60458931e+00  -1.90036045e+00   1.50245907e+00   7.31331963e-01  -3.55544855e-01   2.68668037e-01
  4.8802    6    5      11.84618882   2.52309325e+00   2.94193082e+00   4.33243254e+00   3.16892881e-01   3.70820942e-01   6.83107119e-01
  4.8802    6    6      11.99802504   3.88390548e+00  -1.27618020e+00   2.33694330e+00   6.84060792e-01  -2.36254528e-01   3.15939208e-01
  4.8802    6    7      12.02907592   2.89725934e+00   2.10989832e+00   4.30419378e+00   3.43332542e-01   2.34080963e-01   6.56667458e-01
  4.8802    7    1      11.39251789   1.29268689e+00   2.27550006e+00   4.12608441e+00   2.27051793e-01   4.12034908e-01   7.72948207e-01
  4.8802    7    2      11.58260454   1.82022326e+00   2.58749841e+00   4.23819514e+00   2.62717916e-01   3.99223926e-01   7.37282084e-01
  4.8802    7    3      11.76633489   2.31488694e+00   2.85587612e+00   4.33604049e+00   3.06886588e-01   3.83848141e-01   6.93113412e-01
  4.8802    7    4      11.87730310   3.88685517e+00  -2.02419904e+00   1.56084052e+00   7.40639385e-01  -3.62367893e-01   2.59360615e-01
  4.8802    7    5      11.94708413   2.59777934e+00   3.08031949e+00   4.61156387e+00   3.08600379e-01   3.77540401e-01   6.91399621e-01
  4.8802    7    6      12.10393762   4.04701008e+00  -7.66190729e-01   2.75896663e+00   6.45949614e-01  -1.64483100e-01   3.54050386e-01
  4.8802    7    7      12.12810071   3.13843406e+00   1.50808739e+00   4.28128509e+00   3.75389036e-01   1.54482930e-01   6.24610964e-01
