# Hybrid(Sigma_u^-) to Quarkonium(Sigma_g^+) overlap results
# Generated on 05-Nov-2025 22:09:28
# Potentials: \Sigma_u^-(braaten) and \Sigma_g^+(braaten)
# Quark masses: 1.4702 4.8802 [GeV]
#
# Columns:
#   1  mass       (GeV)
#   2  J          (hybrid angular momentum)
#   3  n_H        (hybrid principal quantum number)
#   4  L          (quarkonium angular momentum)
#   5  n_Q        (quarkonium principal quantum number)
#   6  E_H        (hybrid energy, GeV)
#   7  E_Q        (quarkonium energy, GeV)
#   8  DeltaE     (E_H - E_Q, GeV)
#   9  Int_Hp x Q (Hp overlap integral)
#  10  Int_Hm x Q (Hm overlap integral)
#  11  Int_Hp Q   (Hp wavefunction overlap)
#  12  Int_Hm Q   (Hm wavefunction overlap)
#  13  Int_QxQ    (<r>_Q, expectation value)
#  14  C          (C = 3*(0.215*<r>_Q - 0.028)/DeltaE)
# ----------------------------------------------------------
  1.4702    1    1    0    1       4.02849013       3.06800412       0.96048601  -3.79670487e-01  -2.20724016e+00  -1.21356008e-01  -9.08385666e-01   2.05494519e+00   1.29251195e+00
  1.4702    1    1    0    2       4.02849013       3.67469553       0.35379460   7.01165896e-01   2.17721634e+00   1.50126261e-01   3.67237797e-01   3.82634050e+00   6.73834375e+00
  1.4702    1    1    1    1       4.02849013       3.45754305       0.57094708  -6.41827293e-01  -2.95175201e+00  -1.76367261e-01  -9.67707083e-01   3.13919298e+00   3.39922831e+00
  1.4702    1    1    1    2       4.02849013       3.95858577       0.06990436   5.26357135e-01   9.65539377e-01   7.81098648e-02  -4.66524540e-02   4.64291930e+00   4.16380767e+01
  1.4702    1    1    2    1       4.02849013       3.76214109       0.26634903  -7.89650911e-01  -3.09265848e+00  -1.93430039e-01  -8.65327563e-01   4.04199264e+00   9.47285308e+00
  1.4702    1    1    2    2       4.02849013       4.20969431      -0.18120418   2.51546187e-01  -1.02024719e-01   5.81152982e-03  -2.79638310e-01   5.39692647e+00  -1.87469048e+01
  1.4702    1    2    0    1       4.39395999       3.06800412       1.32595587   6.40202139e-01  -2.45959982e-01   1.70363483e-01  -3.60997825e-01   2.05494519e+00   9.36260157e-01
  1.4702    1    2    0    2       4.39395999       3.67469553       0.71926446  -1.96717803e+00  -2.88710472e+00  -3.95389074e-01  -6.92298144e-01   3.82634050e+00   3.31448273e+00
  1.4702    1    2    1    1       4.39395999       3.45754305       0.93641694   1.34844329e+00   8.72640512e-01   3.15899953e-01  -2.07644598e-02   3.13919298e+00   2.07255913e+00
  1.4702    1    2    1    2       4.39395999       3.95858577       0.43537422  -2.11802206e+00  -3.88086171e+00  -3.57773265e-01  -8.58640282e-01   4.64291930e+00   6.68547389e+00
  1.4702    1    2    2    1       4.39395999       3.76214109       0.63181889   1.97647712e+00   2.16220783e+00   4.20345361e-01   3.11506251e-01   4.04199264e+00   3.99336786e+00
  1.4702    1    2    2    2       4.39395999       4.20969431       0.18426568  -1.76306228e+00  -3.59978464e+00  -2.38366236e-01  -6.93214136e-01   5.39692647e+00   1.84354333e+01
  1.4702    1    3    0    1       4.67822661       3.06800412       1.61022249   1.73832369e+00  -3.54142337e-01   5.54068423e-01  -2.88128776e-02   2.05494519e+00   7.70973985e-01
  1.4702    1    3    0    2       4.67822661       3.67469553       1.00353108  -3.12487021e+00   1.89102064e+00  -6.81325960e-01   4.03845047e-01   3.82634050e+00   2.37560119e+00
  1.4702    1    3    1    1       4.67822661       3.45754305       1.22068356   2.92191144e+00  -1.04919109e+00   8.06615406e-01  -1.96630306e-01   3.13919298e+00   1.58991203e+00
  1.4702    1    3    1    2       4.67822661       3.95858577       0.71964084  -2.16233369e+00   2.24723937e+00  -3.27600958e-01   4.19257805e-01   4.64291930e+00   4.04463282e+00
  1.4702    1    3    2    1       4.67822661       3.76214109       0.91608551   3.53731559e+00  -1.73999404e+00   8.78176159e-01  -3.36039841e-01   4.04199264e+00   2.75420276e+00
  1.4702    1    3    2    2       4.67822661       4.20969431       0.46853230  -7.32183648e-01   2.03368726e+00   3.02666994e-02   3.16716716e-01   5.39692647e+00   7.25033810e+00
  4.8802    1    1    0    1      10.70439982       9.55125316       1.15314665  -2.24003823e-01  -1.23833532e+00  -1.06127616e-01  -7.74411070e-01   1.20849195e+00   6.03112628e-01
  4.8802    1    1    0    2      10.70439982      10.01718776       0.68721206   6.23275003e-01   1.88043487e+00   2.05192479e-01   5.78370211e-01   2.44103366e+00   2.16885995e+00
  4.8802    1    1    1    1      10.70439982       9.87893651       0.82546331  -4.78461342e-01  -1.97863345e+00  -1.90243793e-01  -9.49689519e-01   1.98341560e+00   1.44803900e+00
  4.8802    1    1    1    2      10.70439982      10.23389186       0.47050795   5.90956985e-01   1.22565996e+00   1.49764640e-01   1.65271307e-01   3.01851247e+00   3.95942411e+00
  4.8802    1    1    2    1      10.70439982      10.10632702       0.59807279  -6.62105621e-01  -2.28531136e+00  -2.33090591e-01  -9.24430026e-01   2.61719506e+00   2.68209963e+00
  4.8802    1    1    2    2      10.70439982      10.41558522       0.28881460   4.03150193e-01   4.52233164e-01   6.60280080e-02  -1.25197426e-01   3.53611205e+00   7.60623700e+00
  4.8802    1    2    0    1      10.90490162       9.55125316       1.35364846   2.42100661e-01  -4.81057426e-01   9.38229419e-02  -4.89310314e-01   1.20849195e+00   5.13779856e-01
  4.8802    1    2    0    2      10.90490162      10.01718776       0.88771386  -1.13094824e+00  -1.23206392e+00  -3.37302456e-01  -4.07528577e-01   2.44103366e+00   1.67899453e+00
  4.8802    1    2    1    1      10.90490162       9.87893651       1.02596511   6.79820502e-01   2.24989176e-02   2.28265171e-01  -2.50944055e-01   1.98341560e+00   1.16505235e+00
  4.8802    1    2    1    2      10.90490162      10.23389186       0.67100976  -1.49199790e+00  -2.44135570e+00  -3.81953323e-01  -8.03549327e-01   3.01851247e+00   2.77632407e+00
  4.8802    1    2    2    1      10.90490162      10.10632702       0.79857460   1.14627639e+00   8.76588845e-01   3.48262579e-01   8.35205397e-02   2.61719506e+00   2.00869252e+00
  4.8802    1    2    2    2      10.90490162      10.41558522       0.48931640  -1.48902775e+00  -2.79769847e+00  -3.25073141e-01  -8.17315806e-01   3.53611205e+00   4.48951288e+00
  4.8802    1    3    0    1      11.10317575       9.55125316       1.55192259   7.72134281e-01  -1.66719607e-01   3.81640264e-01  -1.75440602e-01   1.20849195e+00   4.48139175e-01
  4.8802    1    3    0    2      11.10317575      10.01718776       1.08598799  -1.64449242e+00   2.76559974e-01  -5.94370977e-01  -2.29888253e-02   2.44103366e+00   1.37245229e+00
  4.8802    1    3    1    1      11.10317575       9.87893651       1.22423924   1.48454990e+00  -1.94401746e-01   6.33879504e-01  -1.11348115e-01   1.98341560e+00   9.76363948e-01
  4.8802    1    3    1    2      11.10317575      10.23389186       0.86928389  -9.23577761e-01   9.37507553e-01  -2.58121970e-01   1.05246780e-01   3.01851247e+00   2.14307496e+00
  4.8802    1    3    2    1      11.10317575      10.10632702       0.99684873   1.78900281e+00  -4.10633097e-01   7.01714349e-01  -1.04410861e-01   2.61719506e+00   1.60916172e+00
  4.8802    1    3    2    2      11.10317575      10.41558522       0.68759053   2.38248407e-01   1.78835140e+00   1.30962183e-01   3.16214738e-01   3.53611205e+00   3.19491350e+00
