# Hybrid P0 (H2) states generated on 05-Nov-2025 18:08:36
# Potential: \Pi_u(braaten)
# Quark masses used: 1.4702 4.8802 [GeV]
#
# Columns:
#   1  mass             (quark mass in GeV)
#   2  J                (total angular momentum)
#   3  n_H              (principal quantum number)
#   4  Energy_H0        (Hybrid energy in GeV)
#   5  Int Y_H0 x Y_H0  (integral for expected value of position (x); in GeV^-1)
#   6  Int Y_H0 Y_H0    (Normalization integral, dimensionless)
# -------------------------------------------------------------------------
  1.4702    1    1       4.17136653   3.94680704e+00   1.00000000e+00
  1.4702    1    2       4.55632752   5.33088350e+00   1.00000000e+00
  1.4702    1    3       4.91232840   6.56429295e+00   1.00000000e+00
  1.4702    1    4       5.24665741   7.69442062e+00   1.00000000e+00
  1.4702    1    5       5.56367575   8.74801077e+00   1.00000000e+00
  1.4702    1    6       5.86639273   9.74141588e+00   1.00000000e+00
  1.4702    1    7       6.15702753   1.06862743e+01   1.00000000e+00
  1.4702    2    1       4.36876772   4.76742857e+00   1.00000000e+00
  1.4702    2    2       4.73895399   6.04309247e+00   1.00000000e+00
  1.4702    2    3       5.08359483   7.20102889e+00   1.00000000e+00
  1.4702    2    4       5.40869176   8.27701275e+00   1.00000000e+00
  1.4702    2    5       5.71807516   9.29088448e+00   1.00000000e+00
  1.4702    2    6       6.01438902   1.02541414e+01   1.00000000e+00
  1.4702    2    7       6.29957515   1.11741397e+01   1.00000000e+00
  1.4702    3    1       4.56329149   5.51026540e+00   1.00000000e+00
  1.4702    3    2       4.91893768   6.70655651e+00   1.00000000e+00
  1.4702    3    3       5.25271666   7.80899082e+00   1.00000000e+00
  1.4702    3    4       5.56912898   8.84185011e+00   1.00000000e+00
  1.4702    3    5       5.87128876   9.82081554e+00   1.00000000e+00
  1.4702    3    6       6.16145271   1.07559810e+01   1.00000000e+00
  1.4702    3    7       6.44134727   1.16507663e+01   1.00000000e+00
  1.4702    4    1       4.75337141   6.20154267e+00   1.00000000e+00
  1.4702    4    2       5.09579070   7.33389156e+00   1.00000000e+00
  1.4702    4    3       5.41937962   8.39078995e+00   1.00000000e+00
  1.4702    4    4       5.72759747   9.38843378e+00   1.00000000e+00
  1.4702    4    5       6.02294484   1.03383294e+01   1.00000000e+00
  1.4702    4    6       6.30730484   1.12487522e+01   1.00000000e+00
  1.4702    4    7       6.58224884   1.21157743e+01   1.00000000e+00
  1.4702    5    1       4.93860683   6.85436264e+00   1.00000000e+00
  1.4702    5    2       5.26928185   7.93405386e+00   1.00000000e+00
  1.4702    5    3       5.58350534   8.95145227e+00   1.00000000e+00
  1.4702    5    4       5.88403673   9.91814310e+00   1.00000000e+00
  1.4702    5    5       6.17292721   1.08425490e+01   1.00000000e+00
  1.4702    5    6       6.45177549   1.17299382e+01   1.00000000e+00
  1.4702    5    7       6.72220944   1.25595644e+01   1.00000000e+00
  1.4702    6    1       5.11906600   7.47637031e+00   1.00000000e+00
  1.4702    6    2       5.43932390   8.51220868e+00   1.00000000e+00
  1.4702    6    3       5.74502670   9.49508435e+00   1.00000000e+00
  1.4702    6    4       6.03842643   1.04338422e+01   1.00000000e+00
  1.4702    6    5       6.32124028   1.13348070e+01   1.00000000e+00
  1.4702    6    6       6.59489808   1.21972963e+01   1.00000000e+00
  1.4702    6    7       6.86154256   1.29649560e+01   1.00000000e+00
  1.4702    7    1       5.29500065   8.07273985e+00   1.00000000e+00
  1.4702    7    2       5.60595482   9.07142662e+00   1.00000000e+00
  1.4702    7    3       5.90390591   1.00240914e+01   1.00000000e+00
  1.4702    7    4       6.19071936   1.09377342e+01   1.00000000e+00
  1.4702    7    5       6.46786043   1.18163814e+01   1.00000000e+00
  1.4702    7    6       6.73676989   1.26459605e+01   1.00000000e+00
  1.4702    7    7       7.00091091   1.33107425e+01   1.00000000e+00
  4.8802    1    1      10.77196099   2.93434659e+00   1.00000000e+00
  4.8802    1    2      10.99490152   3.82657510e+00   1.00000000e+00
  4.8802    1    3      11.20883983   4.63993798e+00   1.00000000e+00
  4.8802    1    4      11.41346164   5.38124862e+00   1.00000000e+00
  4.8802    1    5      11.61000647   6.07572297e+00   1.00000000e+00
  4.8802    1    6      11.79966382   6.73489494e+00   1.00000000e+00
  4.8802    1    7      11.98328016   7.36418457e+00   1.00000000e+00
  4.8802    2    1      10.88001959   3.48592615e+00   1.00000000e+00
  4.8802    2    2      11.10022330   4.30362092e+00   1.00000000e+00
  4.8802    2    3      11.31016587   5.06854272e+00   1.00000000e+00
  4.8802    2    4      11.51138712   5.77961867e+00   1.00000000e+00
  4.8802    2    5      11.70489630   6.44745254e+00   1.00000000e+00
  4.8802    2    6      11.89168470   7.08236858e+00   1.00000000e+00
  4.8802    2    7      12.07261807   7.69107001e+00   1.00000000e+00
  4.8802    3    1      10.99000198   3.98045563e+00   1.00000000e+00
  4.8802    3    2      11.20598603   4.75117975e+00   1.00000000e+00
  4.8802    3    3      11.41158009   5.47341218e+00   1.00000000e+00
  4.8802    3    4      11.60890780   6.15656584e+00   1.00000000e+00
  4.8802    3    5      11.79913913   6.80496636e+00   1.00000000e+00
  4.8802    3    6      11.98310761   7.42342986e+00   1.00000000e+00
  4.8802    3    7      12.16151216   8.01646352e+00   1.00000000e+00
  4.8802    4    1      11.10004538   4.43662906e+00   1.00000000e+00
  4.8802    4    2      11.31115399   5.17413631e+00   1.00000000e+00
  4.8802    4    3      11.51256866   5.86423426e+00   1.00000000e+00
  4.8802    4    4      11.70609422   6.52039228e+00   1.00000000e+00
  4.8802    4    5      11.89294958   7.14873223e+00   1.00000000e+00
  4.8802    4    6      12.07398227   7.75248434e+00   1.00000000e+00
  4.8802    4    7      12.24982903   8.33358864e+00   1.00000000e+00
  4.8802    5    1      11.20933119   4.86575800e+00   1.00000000e+00
  4.8802    5    2      11.41535246   5.57502845e+00   1.00000000e+00
  4.8802    5    3      11.61267553   6.24162931e+00   1.00000000e+00
  4.8802    5    4      11.80264333   6.87606089e+00   1.00000000e+00
  4.8802    5    5      11.98630269   7.48521607e+00   1.00000000e+00
  4.8802    5    6      12.16445781   8.07334093e+00   1.00000000e+00
  4.8802    5    7      12.33772986   8.64209165e+00   1.00000000e+00
  4.8802    6    1      11.31741852   5.27473280e+00   1.00000000e+00
  4.8802    6    2      11.51847564   5.95798969e+00   1.00000000e+00
  4.8802    6    3      11.71176058   6.60499562e+00   1.00000000e+00
  4.8802    6    4      11.89830787   7.22251210e+00   1.00000000e+00
  4.8802    6    5      12.07896108   7.81602352e+00   1.00000000e+00
  4.8802    6    6      12.25441083   8.38990625e+00   1.00000000e+00
  4.8802    6    7      12.42522243   8.94616297e+00   1.00000000e+00
  4.8802    7    1      11.42406272   5.66757384e+00   1.00000000e+00
  4.8802    7    2      11.62045284   6.32703417e+00   1.00000000e+00
  4.8802    7    3      11.80982588   6.95593480e+00   1.00000000e+00
  4.8802    7    4      11.99303943   7.55880035e+00   1.00000000e+00
  4.8802    7    5      12.17079306   8.13948200e+00   1.00000000e+00
  4.8802    7    6      12.34366830   8.70160868e+00   1.00000000e+00
  4.8802    7    7      12.51215421   9.24708757e+00   1.00000000e+00
