# Quarkonium results generated on 05-Nov-2025 19:20:54 
# Potential: \Sigma_g^+(braaten) 
# Quark masses used:  1.4702  4.8802 [GeV]
# 
# Columns:
#   1  mass          (quark mass in GeV)
#   2  L             (angular momentum quantum number)
#   3  n             (principal quantum number)
#   4  Energy_Q      (Energy in GeV)
#   5  Int Y_Q x Y_Q (Integral for expected value of position (x); in GeV^-1)
#   6  Int Y_Q Y_Q   (Normalization integral, dimensionless)
# -------------------------------------------------------------------------
4702    0    1       3.06800412   2.05553948e+00   1.00000000e+00 
  1.4702    0    2       3.67469553   3.83841691e+00   1.00000000e+00 
  1.4702    0    3       4.14940538   5.27126411e+00   1.00000000e+00 
  1.4702    0    4       4.56226199   6.52766971e+00   1.00000000e+00 
  1.4702    0    5       4.93659590   7.67110841e+00   1.00000000e+00 
  1.4702    0    6       5.28370494   8.73369929e+00   1.00000000e+00 
  1.4702    0    7       5.61012482   9.73480242e+00   1.00000000e+00 
  1.4702    1    1       3.45754305   3.14145527e+00   1.00000000e+00 
  1.4702    1    2       3.95858577   4.65778717e+00   1.00000000e+00 
  1.4702    1    3       4.38793540   5.96904297e+00   1.00000000e+00 
  1.4702    1    4       4.77405642   7.15257985e+00   1.00000000e+00 
  1.4702    1    5       5.13021688   8.24596736e+00   1.00000000e+00 
  1.4702    1    6       5.46391037   9.27133056e+00   1.00000000e+00 
  1.4702    1    7       5.77987767   1.02437531e+01   1.00000000e+00 
  1.4702    2    1       3.76214109   4.04512267e+00   1.00000000e+00 
  1.4702    2    2       4.20969431   5.41104701e+00   1.00000000e+00 
  1.4702    2    3       4.60844860   6.63252117e+00   1.00000000e+00 
  1.4702    2    4       4.97413158   7.75604468e+00   1.00000000e+00 
  1.4702    2    5       5.31538932   8.80550043e+00   1.00000000e+00 
  1.4702    2    6       5.63758661   9.79724564e+00   1.00000000e+00 
  1.4702    2    7       5.94433078   1.07420614e+01   1.00000000e+00 
  1.4702    3    1       4.02892151   4.84940477e+00   1.00000000e+00 
  1.4702    3    2       4.44099801   6.11269634e+00   1.00000000e+00 
  1.4702    3    3       4.81667041   7.26607201e+00   1.00000000e+00 
  1.4702    3    4       5.16581674   8.34010965e+00   1.00000000e+00 
  1.4702    3    5       5.49447185   9.35197270e+00   1.00000000e+00 
  1.4702    3    6       5.80664405   1.03135199e+01   1.00000000e+00 
  1.4702    3    7       6.10516321   1.12332485e+01   1.00000000e+00 
  1.4702    4    1       4.27232428   5.58881121e+00   1.00000000e+00 
  1.4702    4    2       4.65821708   6.77463055e+00   1.00000000e+00 
  1.4702    4    3       5.01542241   7.87324865e+00   1.00000000e+00 
  1.4702    4    4       5.35067075   8.90518772e+00   1.00000000e+00 
  1.4702    4    5       5.66838351   9.88462262e+00   1.00000000e+00 
  1.4702    4    6       5.97165063   1.08191639e+01   1.00000000e+00 
  1.4702    4    7       6.26275558   1.17148003e+01   1.00000000e+00 
  1.4702    5    1       4.49908861   6.28080317e+00   1.00000000e+00 
  1.4702    5    2       4.86449193   7.40519424e+00   1.00000000e+00 
  1.4702    5    3       5.20642449   8.45803882e+00   1.00000000e+00 
  1.4702    5    4       5.52974185   9.45387365e+00   1.00000000e+00 
  1.4702    5    5       5.83780840   1.04038756e+01   1.00000000e+00 
  1.4702    5    6       6.13307279   1.13143798e+01   1.00000000e+00 
  1.4702    5    7       6.41747512   1.21836422e+01   1.00000000e+00 
  1.4702    6    1       4.71309328   6.93574953e+00   1.00000000e+00 
  1.4702    6    2       5.06182097   8.00979132e+00   1.00000000e+00 
  1.4702    6    3       5.39081878   9.02357769e+00   1.00000000e+00 
  1.4702    6    4       5.70373870   9.98794741e+00   1.00000000e+00 
  1.4702    6    5       6.00321775   1.09114609e+01   1.00000000e+00 
  1.4702    6    6       6.29125226   1.17988872e+01   1.00000000e+00 
  1.4702    6    7       6.56970996   1.26320534e+01   1.00000000e+00 
  1.4702    7    1       4.91684974   7.56054762e+00   1.00000000e+00 
  1.4702    7    2       5.25161429   8.59224677e+00   1.00000000e+00 
  1.4702    7    3       5.56945056   9.57216676e+00   1.00000000e+00 
  1.4702    7    4       5.87319434   1.05087254e+01   1.00000000e+00 
  1.4702    7    5       6.16496387   1.14083125e+01   1.00000000e+00 
  1.4702    7    6       6.44646559   1.22709743e+01   1.00000000e+00 
  1.4702    7    7       6.71998386   1.30443913e+01   1.00000000e+00 
  4.8802    0    1       9.55125316   1.20873771e+00   1.00000000e+00 
  4.8802    0    2      10.01718776   2.44904699e+00   1.00000000e+00 
  4.8802    0    3      10.35496471   3.42955307e+00   1.00000000e+00 
  4.8802    0    4      10.64253501   4.28723897e+00   1.00000000e+00 
  4.8802    0    5      10.90064138   5.06470059e+00   1.00000000e+00 
  4.8802    0    6      11.13853517   5.78451908e+00   1.00000000e+00 
  4.8802    0    7      11.36134549   6.46047785e+00   1.00000000e+00 
  4.8802    1    1       9.87893651   1.98461169e+00   1.00000000e+00 
  4.8802    1    2      10.23389186   3.03007791e+00   1.00000000e+00 
  4.8802    1    3      10.53215987   3.92262982e+00   1.00000000e+00 
  4.8802    1    4      10.79763264   4.72502536e+00   1.00000000e+00 
  4.8802    1    5      11.04104385   5.46634460e+00   1.00000000e+00 
  4.8802    1    6      11.26824470   6.16027232e+00   1.00000000e+00 
  4.8802    1    7      11.48283282   6.81531891e+00   1.00000000e+00 
  4.8802    2    1      10.10632702   2.61973655e+00   1.00000000e+00 
  4.8802    2    2      10.41558522   3.54777052e+00   1.00000000e+00 
  4.8802    2    3      10.68909996   4.37796672e+00   1.00000000e+00 
  4.8802    2    4      10.93875410   5.13864425e+00   1.00000000e+00 
  4.8802    2    5      11.17096245   5.84751717e+00   1.00000000e+00 
  4.8802    2    6      11.38966616   6.51656450e+00   1.00000000e+00 
  4.8802    2    7      11.59749544   7.15308492e+00   1.00000000e+00 
  4.8802    3    1      10.29702315   3.17741243e+00   1.00000000e+00 
  4.8802    3    2      10.57913025   4.03033778e+00   1.00000000e+00 
  4.8802    3    3      10.83508774   4.80942098e+00   1.00000000e+00 
  4.8802    3    4      11.07228603   5.53478907e+00   1.00000000e+00 
  4.8802    3    5      11.29512336   6.21760740e+00   1.00000000e+00 
  4.8802    3    6      11.50647439   6.86592915e+00   1.00000000e+00 
  4.8802    3    7      11.70834511   7.48585609e+00   1.00000000e+00 
  4.8802    4    1      10.46741326   3.68408826e+00   1.00000000e+00 
  4.8802    4    2      10.73035942   4.48403619e+00   1.00000000e+00 
  4.8802    4    3      10.97293181   5.22412743e+00   1.00000000e+00 
  4.8802    4    4      11.20008510   5.91956174e+00   1.00000000e+00 
  4.8802    4    5      11.41502202   6.57859706e+00   1.00000000e+00 
  4.8802    4    6      11.61995250   7.20793067e+00   1.00000000e+00 
  4.8802    4    7      11.81647753   7.81200226e+00   1.00000000e+00 
  4.8802    5    1      10.62441031   4.15501405e+00   1.00000000e+00 
  4.8802    5    2      10.87259983   4.91332430e+00   1.00000000e+00 
  4.8802    5    3      11.10430640   5.62224338e+00   1.00000000e+00 
  4.8802    5    4      11.32303090   6.29271562e+00   1.00000000e+00 
  4.8802    5    5      11.53117722   6.93173263e+00   1.00000000e+00 
  4.8802    5    6      11.73047937   7.54392143e+00   1.00000000e+00 
  4.8802    5    7      11.92223649   8.13342299e+00   1.00000000e+00 
  4.8802    6    1      10.77159256   4.59921055e+00   1.00000000e+00 
  4.8802    6    2      11.00789683   5.32310282e+00   1.00000000e+00 
  4.8802    6    3      11.23046809   6.00555089e+00   1.00000000e+00 
  4.8802    6    4      11.44190041   6.65451758e+00   1.00000000e+00 
  4.8802    6    5      11.64405484   7.27602137e+00   1.00000000e+00 
  4.8802    6    6      11.83831969   7.87320293e+00   1.00000000e+00 
  4.8802    6    7      12.02576321   8.44979312e+00   1.00000000e+00 
  4.8802    7    1      10.91109785   5.02215641e+00   1.00000000e+00 
  4.8802    7    2      11.13754250   5.71699437e+00   1.00000000e+00 
  4.8802    7    3      11.35227922   6.37638670e+00   1.00000000e+00 
  4.8802    7    4      11.55730268   7.00631256e+00   1.00000000e+00 
  4.8802    7    5      11.75409355   7.61187541e+00   1.00000000e+00 
  4.8802    7    6      11.94378630   8.19564320e+00   1.00000000e+00 
  4.8802    7    7      12.12727284   8.76044488e+00   1.00000000e+00 
